111111111111111111111111111111111
100000000000000000000000000000001
100000000000000000000000000000001
100000000000000000000000000000001
102000000000204000002000000000201
111110000111111111111111000011111
100000000000000000000000000000001
100000000000000000000000000000001
100000000000000000000000000000001
100000020000000000000300020000001
100001111111111111111111111100001
100000000000000010000000000000001
100000000000000010000000000000001
100000000000000010000000000000001
102000000000000010000000000000201
111111111111111111111111111111111