222222222222222222222222222222222
200000000000000000000000000000002
200000000000000000000000000000002
200000000000000000000000000000002
200000000000000000000000000000002
222220000222222444222222000022222
200000000000000000000000000000002
200000000000000000000000000000002
200000000000000000000000000000002
200000000000000000000000000000002
200002222222224444422222222200002
200000000000000040000000000000002
200000000000000040000000000000002
200000000000000040000000000000002
200000000000000040000000000000002
222222222222222222222222222222222